62
147
55
47127
7661
8147
7923
7192
8060
259
78
6589
20360
29071
59239
37376
39902
9273
10073
38924
511
11461
11467
61965
55254
553
21637
19995
18140
51093
109146
37198
164485
18682
7401
76393
98488
149939
21389
19096
1501
2072
5453
14367
15123
3780
129665
48308
201832
24524
7493
690
89363
116813
180078
23515
22252
26761
28624
22590
64081
1728
2547
6931
18583
20302
104342
36840
160824
19063
7391
588
68676
95467
151240
17344
21550
18924
21025
18235
53725
1285
1809
5040
14561
14551
90400
31697
141169
16038
7073
502
60839
85110
129742
14651
21161
14290
20202
15024
46701
1095
1476
4253
11699
12396
71340
26447
110926
13127
6718
417
50368
74753
106623
9937
20300
11700
16435
11484
40224
859
1172
3589
9429
9175